4294967294,18
4294967294,127
4294967294,14
4294967294,126
4294967294,20
4294967294,13
4294967279,397
4294967278,327
4294967278,174
4294967278,35
4294967278,34
4294967278,33
4294967278,32
4294967278,31
4294967278,30
4294967278,29
4294967278,28
4294967278,27
4294967278,26
4294967278,25
4294967278,24
4294967278,23
4294967278,22
4294967278,21
4294967278,20
4294967278,19
4294967278,18
4294967278,17
4294967278,16
4294967278,15
4294967278,14
4294967278,13
4294967278,12
4294967278,11
4294967278,10
4294967278,9
4294967278,8
4294967278,7
4294967278,6
4294967278,5
4294967278,4
4294967279,132
4294967279,131
4294967279,129
4294967279,128
4294967279,126
4294967279,124
4294967279,123
4294967279,122
4294967279,121
4294967279,120
4294967279,119
4294967279,118
4294967279,117
4294967279,116
4294967279,115
4294967279,114
4294967279,113
4294967279,112
4294967279,111
4294967279,110
4294967279,108
4294967279,107
4294967279,106
4294967279,105
4294967279,104
4294967279,103
4294967279,102
4294967279,101
4294967279,100
4294967279,99
4294967279,98
4294967279,97
4294967279,96
4294967279,95
4294967279,94
4294967279,93
4294967279,92
4294967279,91
4294967279,90
4294967279,89
4294967279,25
4294967279,24
4294967279,23
4294967279,22
4294967279,21
4294967279,19
4294967279,17
4294967279,16
4294967279,15
4294967279,12
4294967279,11
4294967278,326
4294967279,130
4294967279,396
4294967294,1237
4294967294,1236
4294967294,1234
4294967294,1233
4294967294,1228
4294967294,1217
4294967294,1062
4294967294,1060
4294967294,1059
4294967294,1058
4294967294,1057
4294967294,60
4294967294,12
4294967279,127
4294967279,394
4294967278,255
4294967279,255
4294967278,374
4294967279,440
4294967279,125
4294967278,254
4294967279,254
4294967278,253
4294967279,253
4294967279,244
4294967278,242
4294967279,242
4294967278,240
4294967279,240
4294967278,238
4294967278,237
4294967279,237
4294967278,236
4294967279,236
4294967278,234
4294967278,232
4294967278,230
4294967279,230
4294967279,109
4294967278,226
4294967278,224
4294967278,222
4294967278,221
4294967279,221
4294967279,218
4294967279,219
4294967279,216
4294967278,214
4294967294,482
4294967279,280
4294967278,213
4294967278,373
4294967278,212
4294967278,319
4294967278,210
4294967279,211
4294967278,207
4294967278,209
37,5
4294967279,210
37,4
4294967278,208
37,3
37,2
37,1
4294967278,317
4294967279,209
4294967278,206
4294967279,207
4294967278,205
4294967279,206
4294967279,439
4294967278,204
4294967278,203
4294967279,204
4294967278,202
35,4
4294967278,201
35,3
35,2
35,1
4294967278,314
4294967279,202
4294967278,200
4294967279,201
4294967294,439
4294967278,197
4294967279,200
4294967278,313
34,6
4294967294,1242
4294967294,1424
4294967294,393
4294967279,196
4294967278,196
4294967278,372
4294967279,438
4294967278,195
34,5
4294967278,193
34,4
4294967278,192
34,3
34,2
34,1
4294967278,310
4294967278,188
4294967279,313
4294967278,308
4294967278,307
33,5
33,4
33,3
33,2
33,1
4294967279,309
4294967278,302
4294967294,481
4294967279,307
4294967278,301
4294967278,371
4294967278,179
4294967278,178
4294967279,179
32,5
4294967278,177
32,4
32,3
32,2
32,1
4294967279,437
4294967278,176
4294967278,370
4294967279,384
4294967278,299
4294967279,304
31,5
4294967279,303
4294967278,297
31,4
31,3
31,2
31,1
4294967278,296
4294967294,480
4294967294,1423
4294967294,1087
4294967278,164
4294967294,396
4294967294,1068
4294967294,186
4294967294,1072
4294967294,187
4294967294,421
4294967294,599
4294967294,1083
4294967294,167
4294967294,183
4294967294,398
4294967294,119
4294967294,116
4294967294,404
4294967294,459
4294967294,461
4294967294,108
4294967294,2
4294967278,295
4294967278,369
4294967279,166
4294967279,163
4294967279,299
4294967279,162
4294967294,76
4294967279,436
4294967294,107
4294967279,159
29,4
4294967278,157
29,3
29,2
29,1
4294967278,368
4294967279,158
0,7
4294967294,29
4294967278,156
4294967294,42
4294967294,0
4294967294,5
4294967278,36
4294967294,82
4294967294,91
4294967294,90
4294967294,87
4294967294,86
4294967294,85
4294967294,84
4294967278,367
4294967278,260
4294967294,419
4294967294,1247
4294967294,1086
4294967294,1246
4294967294,28
4294967294,27
4294967294,53
4294967294,45
4294967294,430
4294967294,44
4294967279,298
4294967294,1248
4294967294,1084
4294967294,176
4294967294,1067
4294967294,1159
4294967278,293
4294967279,297
4294967294,96
4294967294,94
4294967278,366
4294967279,296
4294967294,83
4294967294,9
4294967294,8
4294967278,365
4294967278,0
4294967279,295
4294967294,50
4294967294,1216
4294967294,52
4294967294,43
4294967294,51
4294967278,291
4294967278,292
4294967294,7
4294967294,1163
4294967294,88
4294967278,132
4294967278,131
4294967278,130
4294967278,129
4294967278,128
4294967278,127
4294967278,126
4294967278,125
4294967278,124
4294967278,123
4294967278,122
4294967278,121
4294967278,120
4294967278,119
4294967278,118
4294967278,117
4294967278,116
